[0,0]:-8,-3.8
[0,1]:-8,-3
[0,2]:-8,-2.2
[0,3]:-8,-1.4
[0,4]:-8,-0.5999999
[0,5]:-8,0.2000001
[0,6]:-8,1
[0,7]:-8,1.8
[0,8]:-8,2.6
[0,9]:-8,3.4
[0,10]:-8,4.2
[1,0]:-7,-4.2
[1,1]:-7,-3.4
[1,2]:-7,-2.6
[1,3]:-7,-1.8
[1,4]:-7,-0.9999999
[1,5]:-7,-0.1999999
[1,6]:-7,0.6000001
[1,7]:-7,1.4
[1,8]:-7,2.2
[1,9]:-7,3
[1,10]:-7,3.8
[2,0]:-6,-3.8
[2,1]:-6,-3
[2,2]:-6,-2.2
[2,3]:-6,-1.4
[2,4]:-6,-0.5999999
[2,5]:-6,0.2000001
[2,6]:-6,1
[2,7]:-6,1.8
[2,8]:-6,2.6
[2,9]:-6,3.4
[2,10]:-6,4.2
[3,0]:-5,-4.2
[3,1]:-5,-3.4
[3,2]:-5,-2.6
[3,3]:-5,-1.8
[3,4]:-5,-0.9999999
[3,5]:-5,-0.1999999
[3,6]:-5,0.6000001
[3,7]:-5,1.4
[3,8]:-5,2.2
[3,9]:-5,3
[3,10]:-5,3.8
[4,0]:-4,-3.8
[4,1]:-4,-3
[4,2]:-4,-2.2
[4,3]:-4,-1.4
[4,4]:-4,-0.5999999
[4,5]:-4,0.2000001
[4,6]:-4,1
[4,7]:-4,1.8
[4,8]:-4,2.6
[4,9]:-4,3.4
[4,10]:-4,4.2
[5,0]:-3,-4.2
[5,1]:-3,-3.4
[5,2]:-3,-2.6
[5,3]:-3,-1.8
[5,4]:-3,-0.9999999
[5,5]:-3,-0.1999999
[5,6]:-3,0.6000001
[5,7]:-3,1.4
[5,8]:-3,2.2
[5,9]:-3,3
[5,10]:-3,3.8
[6,0]:-2,-3.8
[6,1]:-2,-3
[6,2]:-2,-2.2
[6,3]:-2,-1.4
[6,4]:-2,-0.5999999
[6,5]:-2,0.2000001
[6,6]:-2,1
[6,7]:-2,1.8
[6,8]:-2,2.6
[6,9]:-2,3.4
[6,10]:-2,4.2
[7,0]:-1,-4.2
[7,1]:-1,-3.4
[7,2]:-1,-2.6
[7,3]:-1,-1.8
[7,4]:-1,-0.9999999
[7,5]:-1,-0.1999999
[7,6]:-1,0.6000001
[7,7]:-1,1.4
[7,8]:-1,2.2
[7,9]:-1,3
[7,10]:-1,3.8
[8,0]:0,-3.8
[8,1]:0,-3
[8,2]:0,-2.2
[8,3]:0,-1.4
[8,4]:0,-0.5999999
[8,5]:0,0.2000001
[8,6]:0,1
[8,7]:0,1.8
[8,8]:0,2.6
[8,9]:0,3.4
[8,10]:0,4.2
[9,0]:1,-4.2
[9,1]:1,-3.4
[9,2]:1,-2.6
[9,3]:1,-1.8
[9,4]:1,-0.9999999
[9,5]:1,-0.1999999
[9,6]:1,0.6000001
[9,7]:1,1.4
[9,8]:1,2.2
[9,9]:1,3
[9,10]:1,3.8
[10,0]:2,-3.8
[10,1]:2,-3
[10,2]:2,-2.2
[10,3]:2,-1.4
[10,4]:2,-0.5999999
[10,5]:2,0.2000001
[10,6]:2,1
[10,7]:2,1.8
[10,8]:2,2.6
[10,9]:2,3.4
[10,10]:2,4.2
[11,0]:3,-4.2
[11,1]:3,-3.4
[11,2]:3,-2.6
[11,3]:3,-1.8
[11,4]:3,-0.9999999
[11,5]:3,-0.1999999
[11,6]:3,0.6000001
[11,7]:3,1.4
[11,8]:3,2.2
[11,9]:3,3
[11,10]:3,3.8
[12,0]:4,-3.8
[12,1]:4,-3
[12,2]:4,-2.2
[12,3]:4,-1.4
[12,4]:4,-0.5999999
[12,5]:4,0.2000001
[12,6]:4,1
[12,7]:4,1.8
[12,8]:4,2.6
[12,9]:4,3.4
[12,10]:4,4.2
[13,0]:5,-4.2
[13,1]:5,-3.4
[13,2]:5,-2.6
[13,3]:5,-1.8
[13,4]:5,-0.9999999
[13,5]:5,-0.1999999
[13,6]:5,0.6000001
[13,7]:5,1.4
[13,8]:5,2.2
[13,9]:5,3
[13,10]:5,3.8
[14,0]:6,-3.8
[14,1]:6,-3
[14,2]:6,-2.2
[14,3]:6,-1.4
[14,4]:6,-0.5999999
[14,5]:6,0.2000001
[14,6]:6,1
[14,7]:6,1.8
[14,8]:6,2.6
[14,9]:6,3.4
[14,10]:6,4.2
[15,0]:7,-4.2
[15,1]:7,-3.4
[15,2]:7,-2.6
[15,3]:7,-1.8
[15,4]:7,-0.9999999
[15,5]:7,-0.1999999
[15,6]:7,0.6000001
[15,7]:7,1.4
[15,8]:7,2.2
[15,9]:7,3
[15,10]:7,3.8
[16,0]:8,-3.8
[16,1]:8,-3
[16,2]:8,-2.2
[16,3]:8,-1.4
[16,4]:8,-0.5999999
[16,5]:8,0.2000001
[16,6]:8,1
[16,7]:8,1.8
[16,8]:8,2.6
[16,9]:8,3.4
[16,10]:8,4.2
